32 32 
01111111111000000000000000000000
00000000001000000000000000000000
00000000001000000000000000000000
00000000001000000000000000000000
00000000001000010000000000000000
11110000001000000000000001111111
00010000001000000000000010000000
00010000001000100000000010000000
00010000001010000000000010000000
00010000001000000000000010000000
00011111111000000000000010000000
00000000000100000001111100000000
00000000000000100010000000000000
00000000000000000010000000000000
00000000000000010010000000000000
00000000000010000010000000000000
00000000000000000010000000000000
00000000000100000010000000000000
00000000100000000000000000000000
00000000000000000000000000000000
00000000000000000010000000000000
00000001000000000010000000000000
00000100000000000010000000000000
00000000000000000010000000000000
00001000000000000010000000000000
00001000000000000010000000000000
00001000000000000000000000000000
00001001111011111100000000000000
00000000000000000000000000000000
00000000000000000000000000000000
00000000000000000000000000000000
00000000000000000000000000000000
