Scores Table
--------------
37	18508
0	58536259
38	14879
21	548990
47	34291
48	10233
26	74869
14	401960
57	559
4	4176204
58	3657
31	69495
17	189118
39	15732
40	16858
22	262396
12	1021300
49	13277
50	1210
27	268033
59	1885
32	1344880
18	193331
10	9333941
41	16623
3	8587587
42	301857
23	154985
51	769
52	3759
28	128056
15	266458
8	756939
33	169589
34	69485
19	197483
43	29170
44	13322
24	102557
13	583389
7	907541
53	1421
2	17492904
54	489
29	81011
35	29349
64	147
36	19838
20	645221
11	2200025
6	1358157
45	7339
46	5384
25	81380
55	167
56	297
1	27727870
30	73076
16	219011
9	642970
5	2195806
