Iterations: 11457
Scores Table
--------------
37	95024
0	310446000
68	393
38	82664
21	2849554
47	175913
48	52441
26	414855
14	2140338
57	3844
4	22106594
58	30154
31	311637
17	1026456
70	1101
39	84978
40	88846
22	1391323
12	5487501
49	90382
50	11445
27	1478897
59	10897
60	391
32	7187663
18	970595
10	49507162
41	81636
3	45206297
42	1574979
23	812392
51	7349
52	16097
28	663073
15	1376027
8	3962931
33	930387
34	353971
19	998443
43	176757
44	63045
24	545952
13	2967839
7	4823432
53	7663
2	93337013
54	2420
29	424435
63	286
35	176532
64	1478
36	104225
20	3484749
11	11694683
6	7195303
45	25366
46	26474
25	440092
55	742
56	2090
1	146715721
30	361512
16	1209654
9	3443128
5	11584731
