# items1.txt
# Max capacity: 10701
# Target capacity: 7843
# Population size: 100
# Generations: 100
# Survival rate: 0.10
# Mutation rate: 0.05
0	3140.000000	4945.000000	5230.230000	832.952214
1	3140.000000	6072.000000	5430.700935	472.363452
2	3140.000000	5764.000000	5457.897196	509.257987
3	3140.000000	4947.000000	5288.719626	491.545806
4	3131.000000	4947.000000	5043.102804	867.634617
5	2899.000000	4947.000000	4879.383178	700.312082
6	2726.000000	5771.000000	4998.028037	909.586164
7	2693.000000	4721.000000	4572.336449	926.734111
8	2693.000000	5097.000000	5072.000000	529.254281
9	2693.000000	5097.000000	5181.037383	468.143663
10	2693.000000	5097.000000	5218.336449	491.887124
11	2693.000000	5097.000000	4982.289720	280.489128
12	2693.000000	5097.000000	4875.607477	275.548604
13	2693.000000	5002.000000	4803.738318	271.689589
14	2693.000000	4785.000000	4835.457944	259.679602
15	2693.000000	4880.000000	4808.140187	302.664346
16	2693.000000	4507.000000	4829.439252	323.227363
17	2693.000000	4507.000000	4723.214953	295.255407
18	2693.000000	4507.000000	4685.644860	284.834154
19	2693.000000	4724.000000	4748.149533	292.556584
20	2693.000000	4724.000000	4828.747664	264.850264
21	2693.000000	5097.000000	4949.504673	269.668818
22	2693.000000	5002.000000	5016.775701	311.914638
23	2693.000000	5002.000000	5126.037383	316.898678
24	2693.000000	5002.000000	5117.065421	310.030256
25	2693.000000	5002.000000	5080.383178	285.223138
26	2693.000000	5002.000000	5070.794393	266.390433
27	2693.000000	5097.000000	5063.542056	240.998563
28	2693.000000	5097.000000	5070.635514	236.143400
29	2693.000000	5097.000000	4993.700935	272.057091
30	2693.000000	5097.000000	5080.514019	254.548374
31	2693.000000	5097.000000	5064.859813	290.848837
32	2693.000000	5097.000000	5120.897196	282.263791
33	2693.000000	5097.000000	5072.514019	233.143383
34	2693.000000	5097.000000	5078.112150	234.473973
35	2693.000000	5097.000000	5076.411215	235.239178
36	2693.000000	5097.000000	5063.672897	242.633149
37	2693.000000	5097.000000	5128.971963	263.699352
38	2693.000000	5097.000000	5133.317757	265.481997
39	2693.000000	5097.000000	5075.485981	237.131775
40	2693.000000	5097.000000	5082.261682	236.151028
41	2693.000000	5097.000000	5104.336449	256.252600
42	2693.000000	5097.000000	5116.149533	259.774895
43	2693.000000	5097.000000	5075.934579	241.767871
44	2693.000000	5097.000000	5065.990654	235.547515
45	2693.000000	5097.000000	5075.990654	232.787760
46	2693.000000	5097.000000	5071.205607	236.792909
47	2693.000000	5097.000000	5082.523364	239.316138
48	2693.000000	5097.000000	5070.579439	236.581034
49	2693.000000	5097.000000	5070.850467	236.890382
50	2693.000000	5097.000000	5072.728972	245.874357
51	2693.000000	5097.000000	5071.205607	236.708990
52	2693.000000	5097.000000	5074.757009	235.414802
53	2693.000000	5097.000000	5075.542056	239.962233
54	2693.000000	5097.000000	5071.205607	237.475828
55	2693.000000	5097.000000	5069.635514	239.115721
56	2693.000000	5097.000000	5080.850467	240.147038
57	2693.000000	5097.000000	5070.336449	238.889488
58	2693.000000	5097.000000	5076.056075	237.280299
59	2693.000000	5097.000000	5063.242991	241.932036
60	2693.000000	5097.000000	5080.532710	236.832172
61	2693.000000	5097.000000	5066.869159	240.473632
62	2693.000000	5097.000000	5071.523364	237.223974
63	2693.000000	5097.000000	5076.411215	234.995462
64	2693.000000	5097.000000	5083.018692	238.763757
65	2693.000000	5097.000000	5081.196262	237.820110
66	2693.000000	5097.000000	5078.299065	245.368464
67	2693.000000	5097.000000	5012.000000	262.574230
68	2693.000000	5097.000000	4909.897196	280.666859
69	2693.000000	4751.000000	4909.523364	284.950984
70	2693.000000	5097.000000	4926.532710	277.477360
71	2693.000000	5097.000000	5027.794393	262.997300
72	2693.000000	5097.000000	5048.327103	283.737215
73	2693.000000	5097.000000	5154.448598	268.722071
74	2693.000000	5312.000000	5210.672897	301.109294
75	2693.000000	5481.000000	5270.084112	324.629633
76	2693.000000	5312.000000	5293.411215	290.756559
77	2693.000000	5481.000000	5369.981308	286.868913
78	2693.000000	5481.000000	5432.364486	277.834836
79	2693.000000	5481.000000	5429.345794	275.826378
80	2693.000000	5481.000000	5431.495327	277.413980
81	2693.000000	5481.000000	5428.850467	278.299852
82	2693.000000	5481.000000	5448.177570	273.481496
83	2693.000000	5481.000000	5452.439252	274.912891
84	2693.000000	5481.000000	5461.850467	274.938305
85	2693.000000	5481.000000	5457.158879	272.461427
86	2693.000000	5481.000000	5486.261682	288.789907
87	2693.000000	5481.000000	5510.439252	313.225164
88	2693.000000	5689.000000	5649.925234	313.310675
89	2693.000000	5689.000000	5595.476636	319.497227
90	2693.000000	5689.000000	5617.000000	299.910584
91	2693.000000	5689.000000	5599.990654	305.206812
92	2693.000000	5481.000000	5570.803738	338.756005
93	2693.000000	5301.000000	5519.841121	358.713297
94	2520.000000	5481.000000	5085.775701	1003.711239
95	2520.000000	5481.000000	5541.588785	320.674847
96	2520.000000	5767.000000	5672.682243	322.614660
97	2520.000000	5767.000000	5658.551402	339.017677
98	2520.000000	5767.000000	5729.457944	319.292623
99	2520.000000	5767.000000	5732.962617	315.680246
100	2520.000000	5767.000000	5686.859813	339.133397
